[gd_scene load_steps=6 format=2]

[ext_resource path="res://scenes/HealthySmallApple.tscn" type="PackedScene" id=1]
[ext_resource path="res://scenes/HealthyLargeApple.tscn" type="PackedScene" id=2]
[ext_resource path="res://scenes/DamagedLargeApple.tscn" type="PackedScene" id=3]
[ext_resource path="res://scenes/DamagedSmallApple.tscn" type="PackedScene" id=4]

[sub_resource type="CylinderMesh" id=55]
top_radius = 0.005
bottom_radius = 0.005
height = 1.0

[node name="branch" type="Spatial"]

[node name="branchMesh" type="MeshInstance" parent="."]
transform = Transform( -4.37114e-08, -1, 0, 1, -4.37114e-08, 0, 0, 0, 1, 0, 0, -0.587 )
mesh = SubResource( 55 )
material/0 = null

[node name="DamagedSmallApple2" parent="." instance=ExtResource( 4 )]
transform = Transform( 0.939872, -0.260031, 0.221412, 0.26665, 0.963794, 0, -0.213396, 0.0590395, 0.97518, 0, -0.0384113, -0.594101 )

[node name="HealthyLargeApple2" parent="." instance=ExtResource( 2 )]
transform = Transform( 0.940122, 0.340839, 0, -0.340839, 0.940122, 0, 0, 0, 1, -0.0435792, -0.031, -0.594216 )
mode = 1

[node name="HealthySmallApple2" parent="." instance=ExtResource( 1 )]
transform = Transform( 0.340507, -0.0754879, 0.937207, -0.541541, 0.799094, 0.261117, -0.768628, -0.596447, 0.231217, 0.00468247, -0.0389384, -0.55479 )
mode = 1

[node name="DamagedLargeApple2" parent="." instance=ExtResource( 3 )]
transform = Transform( 0.870012, 0.156482, -0.467539, 0.213373, 0.735386, 0.643179, 0.444468, -0.659334, 0.606405, -0.0256809, -0.0110544, -0.551807 )

[node name="HealthyLargeApple3" parent="." instance=ExtResource( 2 )]
transform = Transform( 0.928564, -0.35567, 0.106152, 0.371173, 0.88978, -0.265559, 0, 0.285989, 0.958233, 0.0359555, -0.031, -0.58259 )
mode = 1

[node name="HealthySmallApple3" parent="." instance=ExtResource( 1 )]
transform = Transform( 0.946125, -0.320366, -0.0470431, 0.193179, 0.675063, -0.71202, 0.259864, 0.664572, 0.700582, -0.00121146, -0.023, -0.625259 )
mode = 1

[node name="DamagedLargeApple3" parent="." instance=ExtResource( 3 )]
transform = Transform( 0.944706, -0.306805, 0.115766, 0.220495, 0.333017, -0.916778, 0.242719, 0.891611, 0.382252, 0.0374389, -0.00964904, -0.628943 )
