[gd_scene load_steps=27 format=2]

[ext_resource path="res://scenes/ARVROrigin.tscn" type="PackedScene" id=1]
[ext_resource path="res://scripts/InteractionSelection.gd" type="Script" id=2]
[ext_resource path="res://scenes/DataNode.tscn" type="PackedScene" id=3]
[ext_resource path="res://scenes/branch.tscn" type="PackedScene" id=4]
[ext_resource path="res://Audio/apple-picking-sound.wav" type="AudioStream" id=5]
[ext_resource path="res://scripts/Main.gd" type="Script" id=6]
[ext_resource path="res://scenes/InformationNode.tscn" type="PackedScene" id=7]
[ext_resource path="res://scenes/Floor.tscn" type="PackedScene" id=8]
[ext_resource path="res://scenes/Table.tscn" type="PackedScene" id=9]
[ext_resource path="res://scenes/TableApples.tscn" type="PackedScene" id=10]

[sub_resource type="SphereShape" id=35]

[sub_resource type="SphereMesh" id=36]

[sub_resource type="SpatialMaterial" id=37]

[sub_resource type="ViewportTexture" id=44]
viewport_path = NodePath("InteractionSelection/Interaction1/Spatial/Viewport")

[sub_resource type="SphereShape" id=38]

[sub_resource type="SphereMesh" id=39]

[sub_resource type="SpatialMaterial" id=40]

[sub_resource type="ViewportTexture" id=45]
viewport_path = NodePath("InteractionSelection/Interaction2/Spatial/Viewport")

[sub_resource type="SphereShape" id=41]

[sub_resource type="SphereMesh" id=42]

[sub_resource type="SpatialMaterial" id=43]

[sub_resource type="ViewportTexture" id=46]
viewport_path = NodePath("InteractionSelection/Interaction3/Spatial/Viewport")

[sub_resource type="SphereShape" id=47]

[sub_resource type="SphereMesh" id=48]

[sub_resource type="SpatialMaterial" id=49]

[sub_resource type="ViewportTexture" id=50]
viewport_path = NodePath("InteractionSelection/Reset/Spatial/Viewport")

[node name="Main" type="Spatial"]
script = ExtResource( 6 )

[node name="ARVROrigin" parent="." instance=ExtResource( 1 )]

[node name="BoneAttachment" parent="ARVROrigin/LeftHand/HandContainer/HandModel/Armature/Skeleton" index="0"]
transform = Transform( 0.715416, 0.480301, 0.507437, -0.520631, 0.850801, -0.0712857, -0.465966, -0.213188, 0.858735, 3.59585, -2.80285, -1.91577 )

[node name="BoneAttachment 2" parent="ARVROrigin/LeftHand/HandContainer/HandModel/Armature/Skeleton" index="1"]
transform = Transform( 0.992608, 0.0543433, -0.108515, 0.109345, -0.0125266, 0.993925, 0.0526545, -0.998444, -0.0183762, 15.792, -2.06916, -1.2769 )

[node name="BoneAttachment 3" parent="ARVROrigin/LeftHand/HandContainer/HandModel/Armature/Skeleton" index="2"]
transform = Transform( 0.992608, 0.0543433, -0.108515, 0.109345, -0.0125266, 0.993925, 0.0526545, -0.998444, -0.0183762, 15.792, -2.06916, -1.2769 )

[node name="BoneAttachment 4" parent="ARVROrigin/LeftHand/HandContainer/HandModel/Armature/Skeleton" index="3"]
transform = Transform( 0.992608, 0.0543433, -0.108515, 0.109345, -0.0125266, 0.993925, 0.0526545, -0.998444, -0.0183762, 15.792, -2.06916, -1.2769 )

[node name="BoneAttachment 5" parent="ARVROrigin/LeftHand/HandContainer/HandModel/Armature/Skeleton" index="4"]
transform = Transform( 0.994319, -0.0918411, -0.0538007, 0.0547371, 0.00770642, 0.998471, -0.091286, -0.995744, 0.0126898, 13.3754, -2.20219, -1.05505 )

[node name="BoneAttachment 7" parent="ARVROrigin/LeftHand/HandContainer/HandModel/Armature/Skeleton" index="6"]
transform = Transform( 0.987593, 0.0968453, -0.123618, 0.132458, -0.0908865, 0.987014, 0.0843529, -0.991142, -0.102587, 16.5356, 0.568592, -0.979276 )

[node name="BoneAttachment 8" parent="ARVROrigin/LeftHand/HandContainer/HandModel/Armature/Skeleton" index="7"]
transform = Transform( 0.987593, 0.0968453, -0.123618, 0.132458, -0.0908865, 0.987014, 0.0843529, -0.991142, -0.102587, 16.5356, 0.568592, -0.979276 )

[node name="BoneAttachment 9" parent="ARVROrigin/LeftHand/HandContainer/HandModel/Armature/Skeleton" index="8"]
transform = Transform( 0.987593, 0.0968453, -0.123618, 0.132458, -0.0908865, 0.987014, 0.0843529, -0.991142, -0.102587, 16.5356, 0.568592, -0.979276 )

[node name="BoneAttachment 10" parent="ARVROrigin/LeftHand/HandContainer/HandModel/Armature/Skeleton" index="9"]
transform = Transform( 0.988767, -0.0960949, -0.114484, 0.110551, -0.0453155, 0.992837, -0.100594, -0.99434, -0.034183, 13.8116, 0.264028, -0.702144 )

[node name="ThumbTip" parent="ARVROrigin/LeftHand/HandContainer/HandModel/Armature/Skeleton" index="12"]
transform = Transform( 0.575562, 0.67335, 0.464036, -0.739133, 0.671135, -0.057092, -0.349873, -0.310124, 0.883975, 9.16781, -7.78987, -4.89121 )

[node name="IndexTip" parent="ARVROrigin/LeftHand/HandContainer/HandModel/Armature/Skeleton" index="13"]
transform = Transform( 0.992608, 0.0543433, -0.108515, 0.109344, -0.0125266, 0.993925, 0.0526545, -0.998444, -0.0183762, 16.9417, -1.94251, -1.21591 )

[node name="MiddleTip" parent="ARVROrigin/LeftHand/HandContainer/HandModel/Armature/Skeleton" index="14"]
transform = Transform( 0.987593, 0.0968452, -0.123618, 0.132458, -0.0908865, 0.987014, 0.0843528, -0.991142, -0.102587, 17.7408, 0.730237, -0.876337 )

[node name="RingTip" parent="ARVROrigin/LeftHand/HandContainer/HandModel/Armature/Skeleton" index="15"]
transform = Transform( 0.978622, -0.029105, -0.203596, 0.195193, -0.180434, 0.964025, -0.0647939, -0.983156, -0.170895, 16.3572, 3.55226, -1.49422 )

[node name="PinkyTip" parent="ARVROrigin/LeftHand/HandContainer/HandModel/Armature/Skeleton" index="16"]
transform = Transform( 0.965993, 0.0123384, -0.25827, 0.249915, -0.300748, 0.920376, -0.0663178, -0.953624, -0.293603, 13.7907, 5.19311, -2.17617 )

[node name="BoneAttachment" parent="ARVROrigin/RightHand/HandContainer/HandModel/Armature/Skeleton" index="0"]
transform = Transform( 0.575562, 0.67335, 0.464036, -0.739133, 0.671135, -0.0570919, -0.349873, -0.310125, 0.883974, -8.31233, 6.69126, 4.37118 )

[node name="BoneAttachment 2" parent="ARVROrigin/RightHand/HandContainer/HandModel/Armature/Skeleton" index="1"]
transform = Transform( 0.707382, 0.518598, 0.480278, -0.649744, 0.744603, 0.152968, -0.278287, -0.420265, 0.863674, -5.92187, 4.49557, 3.43076 )

[node name="BoneAttachment 3" parent="ARVROrigin/RightHand/HandContainer/HandModel/Armature/Skeleton" index="2"]
transform = Transform( 0.715415, 0.480301, 0.507437, -0.520631, 0.850801, -0.0712857, -0.465966, -0.213189, 0.858734, -3.59585, 2.80285, 1.91577 )

[node name="ThumbTip" parent="ARVROrigin/RightHand/HandContainer/HandModel/Armature/Skeleton" index="17"]
transform = Transform( 0.575562, 0.67335, 0.464036, -0.739133, 0.671135, -0.0570921, -0.349873, -0.310125, 0.883974, -9.16781, 7.78987, 4.89121 )

[node name="IndexTip" parent="ARVROrigin/RightHand/HandContainer/HandModel/Armature/Skeleton" index="18"]
transform = Transform( 0.992608, 0.0543431, -0.108515, 0.109344, -0.0125266, 0.993925, 0.0526543, -0.998444, -0.0183763, -16.9417, 1.94251, 1.21591 )

[node name="MiddleTip" parent="ARVROrigin/RightHand/HandContainer/HandModel/Armature/Skeleton" index="19"]
transform = Transform( 0.987593, 0.0968457, -0.123618, 0.132458, -0.0908865, 0.987014, 0.0843533, -0.991142, -0.102587, -17.7408, -0.730237, 0.876336 )

[node name="RingTip" parent="ARVROrigin/RightHand/HandContainer/HandModel/Armature/Skeleton" index="20"]
transform = Transform( 0.978622, -0.029105, -0.203596, 0.195193, -0.180434, 0.964025, -0.0647939, -0.983156, -0.170895, -16.3572, -3.55226, 1.49422 )

[node name="PinkyTip" parent="ARVROrigin/RightHand/HandContainer/HandModel/Armature/Skeleton" index="21"]
transform = Transform( 0.965993, 0.0123385, -0.25827, 0.249915, -0.300748, 0.920376, -0.0663178, -0.953624, -0.293603, -13.7907, -5.1931, 2.17617 )

[node name="DirectionalLight" type="DirectionalLight" parent="."]
transform = Transform( 0.932251, -0.159972, 0.324527, -0.298522, -0.846881, 0.440088, 0.204434, -0.507151, -0.83726, 1.5186, 124.325, -240.98 )
shadow_enabled = true

[node name="Floor" parent="." instance=ExtResource( 8 )]

[node name="InteractionSelection" type="Spatial" parent="."]
transform = Transform( 0.1, 0, 0, 0, 0.1, 0, 0, 0, 0.1, 0.555459, 1.26628, 0.544826 )
visible = false
script = ExtResource( 2 )

[node name="Interaction1" type="Spatial" parent="InteractionSelection"]
transform = Transform( 1, 0, 0, 0, 1, 0, 0, 0, 1, 0, 0, -3 )

[node name="Area" type="Area" parent="InteractionSelection/Interaction1"]
collision_layer = 2
collision_mask = 2

[node name="CollisionShape" type="CollisionShape" parent="InteractionSelection/Interaction1/Area"]
shape = SubResource( 35 )

[node name="MeshInstance" type="MeshInstance" parent="InteractionSelection/Interaction1/Area"]
mesh = SubResource( 36 )
material/0 = SubResource( 37 )

[node name="MeshInstance" type="MeshInstance" parent="InteractionSelection/Interaction1"]

[node name="Spatial" type="Spatial" parent="InteractionSelection/Interaction1"]
transform = Transform( 1, 0, 0, 0, 1, 0, 0, 0, 1, -1.10679, 0, 0 )

[node name="Viewport" type="Viewport" parent="InteractionSelection/Interaction1/Spatial"]
size = Vector2( 100, 100 )
transparent_bg = true
render_target_v_flip = true

[node name="Label" type="Label" parent="InteractionSelection/Interaction1/Spatial/Viewport"]
margin_right = 100.0
margin_bottom = 100.0
custom_colors/font_color = Color( 0, 0, 0, 1 )
text = "Interaction 1"
align = 1
valign = 1

[node name="Sprite3D" type="Sprite3D" parent="InteractionSelection/Interaction1/Spatial"]
transform = Transform( -6.55671e-08, 0, -1, 0, 1.5, 0, 1.5, 0, -4.37114e-08, 0.100307, 0, 0 )
texture = SubResource( 44 )

[node name="Interaction2" type="Spatial" parent="InteractionSelection"]

[node name="Area" type="Area" parent="InteractionSelection/Interaction2"]
collision_layer = 2
collision_mask = 2

[node name="CollisionShape" type="CollisionShape" parent="InteractionSelection/Interaction2/Area"]
shape = SubResource( 38 )

[node name="MeshInstance" type="MeshInstance" parent="InteractionSelection/Interaction2/Area"]
mesh = SubResource( 39 )
material/0 = SubResource( 40 )

[node name="Spatial" type="Spatial" parent="InteractionSelection/Interaction2"]
transform = Transform( 1, 0, 0, 0, 1, 0, 0, 0, 1, -1.10679, 0, 0 )

[node name="Viewport" type="Viewport" parent="InteractionSelection/Interaction2/Spatial"]
size = Vector2( 100, 100 )
transparent_bg = true
render_target_v_flip = true

[node name="Label" type="Label" parent="InteractionSelection/Interaction2/Spatial/Viewport"]
margin_right = 100.0
margin_bottom = 100.0
custom_colors/font_color = Color( 0, 0, 0, 1 )
text = "Interaction 2"
align = 1
valign = 1

[node name="Sprite3D" type="Sprite3D" parent="InteractionSelection/Interaction2/Spatial"]
transform = Transform( -6.55671e-08, 0, -1, 0, 1.5, 0, 1.5, 0, -4.37114e-08, 0.100307, 0, 0 )
texture = SubResource( 45 )

[node name="Interaction3" type="Spatial" parent="InteractionSelection"]
transform = Transform( 1, 0, 0, 0, 1, 0, 0, 0, 1, 0, 0, 3 )

[node name="Area" type="Area" parent="InteractionSelection/Interaction3"]
collision_layer = 2
collision_mask = 2

[node name="CollisionShape" type="CollisionShape" parent="InteractionSelection/Interaction3/Area"]
shape = SubResource( 41 )

[node name="MeshInstance" type="MeshInstance" parent="InteractionSelection/Interaction3/Area"]
mesh = SubResource( 42 )
material/0 = SubResource( 43 )

[node name="Spatial" type="Spatial" parent="InteractionSelection/Interaction3"]
transform = Transform( 1, 0, 0, 0, 1, 0, 0, 0, 1, -1.10679, 0, 0 )

[node name="Viewport" type="Viewport" parent="InteractionSelection/Interaction3/Spatial"]
size = Vector2( 100, 100 )
transparent_bg = true
render_target_v_flip = true

[node name="Label" type="Label" parent="InteractionSelection/Interaction3/Spatial/Viewport"]
margin_right = 100.0
margin_bottom = 100.0
custom_colors/font_color = Color( 0, 0, 0, 1 )
text = "Interaction 3"
align = 1
valign = 1

[node name="Sprite3D" type="Sprite3D" parent="InteractionSelection/Interaction3/Spatial"]
transform = Transform( -6.55671e-08, 0, -1, 0, 1.5, 0, 1.5, 0, -4.37114e-08, 0.100307, 0, 0 )
texture = SubResource( 46 )

[node name="Reset" type="Spatial" parent="InteractionSelection"]
transform = Transform( 1, 0, 0, 0, 1, 0, 0, 0, 1, 0, 0, 6 )

[node name="Area" type="Area" parent="InteractionSelection/Reset"]
collision_layer = 2
collision_mask = 2

[node name="CollisionShape" type="CollisionShape" parent="InteractionSelection/Reset/Area"]
shape = SubResource( 47 )

[node name="MeshInstance" type="MeshInstance" parent="InteractionSelection/Reset/Area"]
mesh = SubResource( 48 )
material/0 = SubResource( 49 )

[node name="Spatial" type="Spatial" parent="InteractionSelection/Reset"]
transform = Transform( 1, 0, 0, 0, 1, 0, 0, 0, 1, -1.10679, 0, 0 )

[node name="Viewport" type="Viewport" parent="InteractionSelection/Reset/Spatial"]
size = Vector2( 100, 100 )
transparent_bg = true
render_target_v_flip = true

[node name="Label" type="Label" parent="InteractionSelection/Reset/Spatial/Viewport"]
margin_right = 100.0
margin_bottom = 100.0
custom_colors/font_color = Color( 0, 0, 0, 1 )
text = "Reset Apples"
align = 1
valign = 1

[node name="Sprite3D" type="Sprite3D" parent="InteractionSelection/Reset/Spatial"]
transform = Transform( -6.55671e-08, 0, -1, 0, 1.5, 0, 1.5, 0, -4.37114e-08, 0.100307, 0, 0 )
texture = SubResource( 50 )

[node name="ApplePickSound" type="AudioStreamPlayer3D" parent="."]
transform = Transform( 1, 0, 0, 0, 1, 0, 0, 0, 1, 0, 1.5, -3 )
stream = ExtResource( 5 )
unit_db = 30.0

[node name="RemovedInteractables" type="Spatial" parent="."]

[node name="BranchContainer" type="Spatial" parent="."]
transform = Transform( 0.819152, 0, -0.573577, 0, 1, 0, 0.573577, 0, 0.819152, 0.25, 1.5, 0 )

[node name="branch" parent="BranchContainer" instance=ExtResource( 4 )]

[node name="DataNode" parent="." instance=ExtResource( 3 )]
transform = Transform( 0.245746, 0, -0.573577, 0, 0.3, 0, 0.172073, 0, 0.819152, 1.541, 1.629, -1.895 )

[node name="Table" parent="." instance=ExtResource( 9 )]
transform = Transform( 0.409576, 0, 0.286788, 0, 0.5, 0, -0.286788, 0, 0.409576, -0.6, 1, -0.5 )

[node name="InformationNode" parent="." instance=ExtResource( 7 )]
transform = Transform( 0.245746, 0, 0.573577, 0, 0.3, 0, -0.172073, 0, 0.819152, -1.136, 1.3, -1.128 )

[node name="TableApplesContainer" type="Spatial" parent="."]

[node name="TableApples" parent="TableApplesContainer" instance=ExtResource( 10 )]

[connection signal="area_entered" from="InteractionSelection/Interaction1/Area" to="InteractionSelection" method="_on_interaction1_area_entered"]
[connection signal="area_entered" from="InteractionSelection/Interaction2/Area" to="InteractionSelection" method="_on_interaction2_area_entered"]
[connection signal="area_entered" from="InteractionSelection/Interaction3/Area" to="InteractionSelection" method="_on_interaction3_area_entered"]
[connection signal="area_entered" from="InteractionSelection/Reset/Area" to="." method="_on_reset_area_entered"]
[connection signal="area_exited" from="InteractionSelection/Reset/Area" to="." method="_on_reset_area_exited"]

[editable path="ARVROrigin"]
[editable path="ARVROrigin/LeftHand"]
[editable path="ARVROrigin/RightHand"]
[editable path="Floor"]
[editable path="BranchContainer/branch"]
