[gd_scene load_steps=31 format=2]

[ext_resource path="res://addons/godot-openxr/scenes/first_person_controller_vr.tscn" type="PackedScene" id=1]
[ext_resource path="res://addons/godot-openxr/scenes/left_hand_mesh.tscn" type="PackedScene" id=2]
[ext_resource path="res://addons/godot-openxr/scenes/right_hand_mesh.tscn" type="PackedScene" id=3]
[ext_resource path="res://addons/godot-openxr/assets/valve_hand_models/textures/vr_glove_color.jpg" type="Texture" id=4]
[ext_resource path="res://box.gd" type="Script" id=5]
[ext_resource path="res://Main.gd" type="Script" id=6]
[ext_resource path="res://OutputNode.tscn" type="PackedScene" id=7]
[ext_resource path="res://IndexRaycast.gd" type="Script" id=8]

[sub_resource type="CapsuleShape" id=26]
radius = 0.0395677
height = 0.015792

[sub_resource type="SpatialMaterial" id=24]
albedo_color = Color( 0.968627, 0, 1, 1 )

[sub_resource type="SphereMesh" id=25]
material = SubResource( 24 )
radius = 0.01
height = 0.02

[sub_resource type="SphereShape" id=11]

[sub_resource type="CubeMesh" id=12]
size = Vector3( 0.005, 2, 0.005 )

[sub_resource type="SphereMesh" id=13]
radius = 0.04
height = 0.08

[sub_resource type="SpatialMaterial" id=14]
albedo_color = Color( 0, 1, 0, 1 )

[sub_resource type="BoxShape" id=1]
extents = Vector3( 0.0250738, 0.0250371, 0.0248237 )

[sub_resource type="SpatialMaterial" id=5]
albedo_color = Color( 1, 0, 0, 1 )

[sub_resource type="CubeMesh" id=2]
material = SubResource( 5 )
size = Vector3( 0.05, 0.05, 0.05 )

[sub_resource type="BoxShape" id=18]
extents = Vector3( 0.035315, 0.0348225, 0.0351416 )

[sub_resource type="CubeMesh" id=19]
size = Vector3( 0.07, 0.07, 0.07 )

[sub_resource type="SpatialMaterial" id=20]
albedo_color = Color( 0, 1, 0, 1 )

[sub_resource type="BoxShape" id=21]
extents = Vector3( 0.0193418, 0.0207481, 0.020035 )

[sub_resource type="CubeMesh" id=22]
size = Vector3( 0.04, 0.04, 0.04 )

[sub_resource type="SpatialMaterial" id=23]
albedo_color = Color( 0, 0, 1, 1 )

[sub_resource type="BoxShape" id=3]
extents = Vector3( 10, 0.1, 10 )

[sub_resource type="CubeMesh" id=4]
size = Vector3( 30, 0.05, 30 )

[sub_resource type="ViewportTexture" id=10]
viewport_path = NodePath("OutputNode/Viewport")

[sub_resource type="BoxShape" id=15]
extents = Vector3( 0.5, 0.0115333, 0.5 )

[sub_resource type="CubeMesh" id=16]
size = Vector3( 1, 0.02, 1 )

[sub_resource type="SpatialMaterial" id=17]
albedo_color = Color( 0.533333, 0.533333, 0.533333, 1 )

[node name="Main" type="Spatial"]
script = ExtResource( 6 )

[node name="FPController" parent="." instance=ExtResource( 1 )]

[node name="Configuration" parent="FPController" index="0"]
color_space = 0
refresh_rate = 0.0

[node name="RightHand" parent="FPController" instance=ExtResource( 3 )]
hand = "Right"
albedo_texture = ExtResource( 4 )

[node name="Skeleton" parent="FPController/RightHand/HandModel/Armature" index="0"]
bones/14/bound_children = [ NodePath("MiddleFingerTip") ]
bones/25/bound_children = [ NodePath("Palm") ]

[node name="IndexTip" parent="FPController/RightHand/HandModel/Armature/Skeleton" index="1"]
transform = Transform( 0.19221, 0.669966, 0.717078, -0.091543, -0.715277, 0.69282, 0.977075, -0.19881, -0.0761527, -0.0345978, -0.164767, -0.0355401 )

[node name="Palm" type="BoneAttachment" parent="FPController/RightHand/HandModel/Armature/Skeleton" index="2"]
transform = Transform( 0.0836059, 0.97618, -0.200207, -0.0165156, 0.20224, 0.979197, 0.996362, -0.0785602, 0.0330306, 0.00943317, -0.0503988, -0.00825832 )
bone_name = "Palm_R"

[node name="Palm_Area" type="Area" parent="FPController/RightHand/HandModel/Armature/Skeleton/Palm" groups=["RightHandFingers"]]

[node name="CollisionShape" type="CollisionShape" parent="FPController/RightHand/HandModel/Armature/Skeleton/Palm/Palm_Area"]
transform = Transform( 0.0729096, 0.0435388, 0.996388, -0.109573, 0.993348, -0.0353878, -0.991301, -0.106597, 0.0771953, -0.00328171, -0.0473513, 0.000952184 )
shape = SubResource( 26 )

[node name="GrabPoint" type="Spatial" parent="FPController/RightHand/HandModel/Armature/Skeleton/Palm"]
transform = Transform( 1, 0, 0, 0, 1, 0, 0, 0, 1, 0.006, -0.055, -0.024 )

[node name="MeshInstance" type="MeshInstance" parent="FPController/RightHand/HandModel/Armature/Skeleton/Palm/GrabPoint"]
transform = Transform( 1, -2.25846e-07, 1.11759e-07, 4.5402e-08, 1, 1.19209e-07, 1.32248e-07, -1.78814e-07, 1, 0, 0, 0 )
visible = false
mesh = SubResource( 25 )
skeleton = NodePath("../..")
material/0 = null

[node name="MiddleFingerTip" type="BoneAttachment" parent="FPController/RightHand/HandModel/Armature/Skeleton" index="3"]
transform = Transform( 0.0812011, 0.650531, 0.755126, -0.0155557, -0.756708, 0.653568, 0.996576, -0.0648169, -0.0513262, -0.032112, -0.171612, -0.00654216 )
bone_name = "Middle_Tip_R"

[node name="RightHandMiddleFingerTipArea" type="Area" parent="FPController/RightHand/HandModel/Armature/Skeleton/MiddleFingerTip"]

[node name="CollisionShape" type="CollisionShape" parent="FPController/RightHand/HandModel/Armature/Skeleton/MiddleFingerTip/RightHandMiddleFingerTipArea"]
transform = Transform( 0.01, 0, 0, 0, 0.01, 0, 0, 0, 0.01, 0, 0, 0 )
shape = SubResource( 11 )

[node name="LeftHand" parent="FPController" instance=ExtResource( 2 )]
hand = "Left"
albedo_texture = ExtResource( 4 )

[node name="IndexTip" parent="FPController/LeftHand/HandModel/Armature001/Skeleton" index="1"]
transform = Transform( 0.19221, -0.669965, -0.717079, 0.977075, 0.19881, 0.076153, 0.0915428, -0.715277, 0.692819, 0.0345973, 0.0355402, -0.164767 )

[node name="IndexRaycast" type="Spatial" parent="FPController/LeftHand/HandModel/Armature001/Skeleton/IndexTip" index="0"]
visible = false
script = ExtResource( 8 )

[node name="RayCast" type="RayCast" parent="FPController/LeftHand/HandModel/Armature001/Skeleton/IndexTip/IndexRaycast"]
transform = Transform( 0.97539, 0.0566149, 0.213094, 0.217557, -0.0900961, -0.97188, -0.0358238, 0.994322, -0.100196, 0, 0, 0 )

[node name="MeshInstance" type="MeshInstance" parent="FPController/LeftHand/HandModel/Armature001/Skeleton/IndexTip/IndexRaycast/RayCast"]
transform = Transform( 1, 0, 0, 0, 1, 5.96046e-08, 0, 2.98023e-08, 1, 0, -1, 0 )
mesh = SubResource( 12 )
material/0 = null

[node name="CollisionPoint" type="MeshInstance" parent="FPController/LeftHand/HandModel/Armature001/Skeleton/IndexTip/IndexRaycast"]
mesh = SubResource( 13 )
material/0 = SubResource( 14 )

[node name="RedBox" type="RigidBody" parent="."]
transform = Transform( 1, 0, 0, 0, 1, 0, 0, 0, 1, -0.758, 2, -0.916 )
script = ExtResource( 5 )

[node name="CollisionShape" type="CollisionShape" parent="RedBox"]
shape = SubResource( 1 )

[node name="MeshInstance" type="MeshInstance" parent="RedBox"]
mesh = SubResource( 2 )
material/0 = null

[node name="GreenBox" type="RigidBody" parent="."]
transform = Transform( 1, 0, 0, 0, 1, 0, 0, 0, 1, -0.565956, 2, -0.772799 )

[node name="CollisionShape" type="CollisionShape" parent="GreenBox"]
shape = SubResource( 18 )

[node name="MeshInstance" type="MeshInstance" parent="GreenBox"]
mesh = SubResource( 19 )
material/0 = SubResource( 20 )

[node name="BlueBox" type="RigidBody" parent="."]
transform = Transform( 1, 0, 0, 0, 1, 0, 0, 0, 1, -0.962587, 2, -0.849115 )

[node name="CollisionShape" type="CollisionShape" parent="BlueBox"]
shape = SubResource( 21 )

[node name="MeshInstance" type="MeshInstance" parent="BlueBox"]
mesh = SubResource( 22 )
material/0 = SubResource( 23 )

[node name="Floor" type="StaticBody" parent="."]
transform = Transform( 1, 0, 0, 0, 1, 0, 0, 0, 1, 0, -0.0856336, 0 )

[node name="CollisionShape" type="CollisionShape" parent="Floor"]
shape = SubResource( 3 )

[node name="MeshInstance" type="MeshInstance" parent="Floor"]
mesh = SubResource( 4 )
material/0 = null

[node name="DirectionalLight" type="DirectionalLight" parent="."]
transform = Transform( 0.932251, -0.159972, 0.324527, -0.298522, -0.846881, 0.440088, 0.204434, -0.507151, -0.83726, 1.5186, 4.42147, -7.50201 )
shadow_enabled = true

[node name="OutputNode" parent="." instance=ExtResource( 7 )]

[node name="OtherLabel" parent="OutputNode/Viewport" index="1"]
text = "0"

[node name="Sprite3D" parent="OutputNode" index="1"]
texture = SubResource( 10 )

[node name="Table" type="StaticBody" parent="."]
transform = Transform( 1, 0, 0, 0, 1, 0, 0, 0, 1, -0.757596, 1.02849, -0.915861 )

[node name="CollisionShape" type="CollisionShape" parent="Table"]
shape = SubResource( 15 )

[node name="MeshInstance" type="MeshInstance" parent="Table"]
mesh = SubResource( 16 )
material/0 = SubResource( 17 )

[connection signal="area_entered" from="FPController/RightHand/HandModel/Armature/Skeleton/Palm/Palm_Area" to="FPController/RightHand" method="_on_Palm_Area_area_entered"]
[connection signal="area_exited" from="FPController/RightHand/HandModel/Armature/Skeleton/Palm/Palm_Area" to="FPController/RightHand" method="_on_Palm_Area_area_exited"]

[editable path="FPController"]
[editable path="FPController/RightHand"]
[editable path="FPController/RightHand/HandModel"]
[editable path="FPController/LeftHand"]
[editable path="FPController/LeftHand/HandModel"]
[editable path="OutputNode"]
