[gd_scene load_steps=16 format=2]

[ext_resource path="res://addons/godot-openxr/scenes/first_person_controller_vr.tscn" type="PackedScene" id=1]
[ext_resource path="res://addons/godot-openxr/scenes/left_hand_mesh.tscn" type="PackedScene" id=2]
[ext_resource path="res://addons/godot-openxr/scenes/right_hand_mesh.tscn" type="PackedScene" id=3]
[ext_resource path="res://addons/godot-openxr/assets/valve_hand_models/textures/vr_glove_color.jpg" type="Texture" id=4]
[ext_resource path="res://box.gd" type="Script" id=5]
[ext_resource path="res://Main.gd" type="Script" id=6]
[ext_resource path="res://OutputNode.tscn" type="PackedScene" id=7]

[sub_resource type="SphereShape" id=9]
radius = 0.065788

[sub_resource type="SphereShape" id=11]

[sub_resource type="BoxShape" id=1]
extents = Vector3( 0.05, 0.05, 0.05 )

[sub_resource type="SpatialMaterial" id=5]
albedo_color = Color( 1, 0, 0, 1 )

[sub_resource type="CubeMesh" id=2]
material = SubResource( 5 )
size = Vector3( 0.05, 0.05, 0.05 )

[sub_resource type="BoxShape" id=3]
extents = Vector3( 30, 0.05, 30 )

[sub_resource type="CubeMesh" id=4]
size = Vector3( 30, 0.05, 30 )

[sub_resource type="ViewportTexture" id=10]
viewport_path = NodePath("OutputNode/Viewport")

[node name="Main" type="Spatial"]
script = ExtResource( 6 )

[node name="FPController" parent="." instance=ExtResource( 1 )]

[node name="Configuration" parent="FPController" index="0"]
color_space = 0
refresh_rate = 0.0

[node name="LeftHand" parent="FPController" instance=ExtResource( 2 )]
albedo_texture = ExtResource( 4 )

[node name="IndexTip" parent="FPController/LeftHand/HandModel/Armature001/Skeleton" index="1"]
transform = Transform( 0.19221, -0.669965, -0.717079, 0.977075, 0.19881, 0.076153, 0.0915428, -0.715277, 0.692819, 0.0345973, 0.0355402, -0.164767 )

[node name="RightHand" parent="FPController" instance=ExtResource( 3 )]
albedo_texture = ExtResource( 4 )

[node name="Skeleton" parent="FPController/RightHand/HandModel/Armature" index="0"]
bones/14/bound_children = [ NodePath("MiddleFingerTip") ]
bones/25/bound_children = [ NodePath("Palm") ]

[node name="IndexTip" parent="FPController/RightHand/HandModel/Armature/Skeleton" index="1"]
transform = Transform( 0.19221, 0.669966, 0.717078, -0.091543, -0.715277, 0.69282, 0.977075, -0.19881, -0.0761527, -0.0345978, -0.164767, -0.0355401 )

[node name="Palm" type="BoneAttachment" parent="FPController/RightHand/HandModel/Armature/Skeleton" index="2"]
transform = Transform( 0.0836059, 0.97618, -0.200207, -0.0165156, 0.20224, 0.979197, 0.996362, -0.0785602, 0.0330306, 0.00943317, -0.0503988, -0.00825832 )
bone_name = "Palm_R"

[node name="Palm_Area" type="Area" parent="FPController/RightHand/HandModel/Armature/Skeleton/Palm"]

[node name="CollisionShape" type="CollisionShape" parent="FPController/RightHand/HandModel/Armature/Skeleton/Palm/Palm_Area"]
shape = SubResource( 9 )

[node name="MiddleFingerTip" type="BoneAttachment" parent="FPController/RightHand/HandModel/Armature/Skeleton" index="3"]
transform = Transform( 0.0812011, 0.650531, 0.755126, -0.0155557, -0.756708, 0.653568, 0.996576, -0.0648169, -0.0513262, -0.032112, -0.171612, -0.00654216 )
bone_name = "Middle_Tip_R"

[node name="RightHandMiddleFingerTipArea" type="Area" parent="FPController/RightHand/HandModel/Armature/Skeleton/MiddleFingerTip"]

[node name="CollisionShape" type="CollisionShape" parent="FPController/RightHand/HandModel/Armature/Skeleton/MiddleFingerTip/RightHandMiddleFingerTipArea"]
transform = Transform( 0.01, 0, 0, 0, 0.01, 0, 0, 0, 0.01, 0, 0, 0 )
shape = SubResource( 11 )

[node name="box" type="RigidBody" parent="."]
transform = Transform( 1, 0, 0, 0, 1, 0, 0, 0, 1, 0, 1.844, 0 )
script = ExtResource( 5 )

[node name="CollisionShape" type="CollisionShape" parent="box"]
shape = SubResource( 1 )

[node name="MeshInstance" type="MeshInstance" parent="box"]
mesh = SubResource( 2 )
material/0 = null

[node name="Floor" type="StaticBody" parent="."]
transform = Transform( 1, 0, 0, 0, 1, 0, 0, 0, 1, 0, -0.0856336, 0 )

[node name="CollisionShape" type="CollisionShape" parent="Floor"]
shape = SubResource( 3 )

[node name="MeshInstance" type="MeshInstance" parent="Floor"]
transform = Transform( 1, 0, 0, 0, 1, 0, 0, 0, 1, -0.073018, -0.771698, -0.0311446 )
mesh = SubResource( 4 )
material/0 = null

[node name="DirectionalLight" type="DirectionalLight" parent="."]
transform = Transform( 0.932251, -0.159972, 0.324527, -0.298522, -0.846881, 0.440088, 0.204434, -0.507151, -0.83726, 1.5186, 4.42147, -7.50201 )
shadow_enabled = true

[node name="OutputNode" parent="." instance=ExtResource( 7 )]

[node name="Label" parent="OutputNode/Viewport" index="0"]
text = "Not Gripping"

[node name="Sprite3D" parent="OutputNode" index="1"]
texture = SubResource( 10 )

[connection signal="area_entered" from="FPController/RightHand/HandModel/Armature/Skeleton/Palm/Palm_Area" to="FPController/RightHand" method="_on_Palm_Area_area_entered"]
[connection signal="area_exited" from="FPController/RightHand/HandModel/Armature/Skeleton/Palm/Palm_Area" to="FPController/RightHand" method="_on_Palm_Area_area_exited"]

[editable path="FPController"]
[editable path="FPController/LeftHand"]
[editable path="FPController/LeftHand/HandModel"]
[editable path="FPController/RightHand"]
[editable path="FPController/RightHand/HandModel"]
[editable path="OutputNode"]
